-0.017668923589277557
0.004011279600327269
0.09616666851351863
-0.15919141727883168
-0.5031947049091988
-0.022499208493832062
-0.3123561711000826
0.03418269865540207
0.050716389341824826
-0.23203269801350926
-0.4086688160556766
-0.09539568996396722
0.06768726298344079
0.035326935016202814
-0.0011770951592436733
-0.03504066809641599
0.26309020853029186
0.06530847805785474
-0.28764336885281366
-0.1948488416991925
0.0037695129388886925
0.36987855187564483
0.1653952095801495
-0.1797593701978467
-0.046407951742382145
-0.06644169762667726
-0.04011763196526835
-0.2792122164204943
0.1021962794451192
-0.0825093401858256
0.3407262957968889
-0.3443815628559479
0.013814484931102836
-0.061374566146255166
-0.14384097898549097
0.1926194725019212
-0.08818549918394983
-0.3404053658315198
0.25230149833895815
-0.018903349950488646
0.042291409184174386
0.26822071241098977
0.2934601291649346
0.18459507278779358
-0.1048885462384555
-0.018054696556569293
-0.06595297068126903
0.24950375889779136
-0.12031709865680881
-0.3710083292642182
-0.031212244966701518
-0.030617887792007935
-0.41180960955091817
0.05909028361482666
-0.16601696101279184
-0.009473923474208997
-0.08749200590079928
-0.4324010581508357
0.13198193991428403
0.24924503841819168
0.18989208501086777
-0.05356966586733572
0.1409023763024136
0.13220734775586399
0.16187805457010612
0.06951811128994505
-0.017743135819340835
0.20350267852520104
-0.16402788533910237
0.19670966605565968
0.03596397553351925
-0.16543778981638108
0.1891261294035684
0.2376898305324221
-0.03669623182331766
-0.06824037585208739
-0.20394112513357635
-0.16744647178592054
-0.050859537168258424
-0.06700347043192444
-0.3085925698419129
0.25392170039817225
0.04075424642553329
0.21278048977819533
0.2281595038428905
0.09497188874912857
-0.27553273147200924
-0.10183348007588708
-0.127253237305099
0.043677383080922484
0.007841349587622365
-0.0017780207496089838
0.23013858401910092
0.143016131445151
-0.1734918697872607
-0.18233798151589223
-0.09071154892555272
0.2316655694318697
-0.011486998377668686
0.10351154595480978
0.24403932974230721
0.3679317975718209
-0.24639602575689248
-0.30851625237429897
0.20381657958265925
-0.12004607329628784
-0.32513425600764306
-0.11692265032679239
0.038084253677202286
0.25893664775616154
0.11757911314835358
-0.3299137460828339
0.34301551954227305
-0.3339340073517355
0.0765527332573859
0.13948116414490352
-0.44740214453992055
-0.2431995623431839
0.42570445301609905
-0.47346233670482707
0.37923744863159853
-0.4071487329530219
0.3453683694953112
-0.4833630439416322
-0.049077339521975294
0.14920006166320934
-0.3177887283337383
-0.01710663047927794
-0.06580180162926089
0.386202183798279
-0.42210739488407906
-0.08154019416939735
0.12625052257913746
0.29235460787721057
-0.37105028195594864
-0.03769921545782618
-0.19286396688719537
-0.33756618600133764
-0.31653033097188477
0.22162514126447455
0.17385637342430027
-0.39276242024065555
-0.2945520047217765
-0.5038735073251756
0.23263313178440237
0.05639375821853678
0.06258029740106635
0.015291714129189797
0.33644398055695124
-0.1941185589887003
-0.16193258272787647
0.30963009609344183
0.2815945714571084
0.028268166708788244
-0.19389833680283317
0.08456946391480431
0.3784049853126169
0.29567221357222717
-0.2873217026848538
-0.014366216458397894
-0.37688969838223335
-0.036336253142421844
0.04357889687325376
-0.3240182068570998
-0.035827601482248395
0.13257785992639304
0.08065965329733896
-0.31095121254682195
-0.36189948723598064
-0.18938695441571862
-0.3974380567946816
-0.439683740628919
-0.21662457426264373
-0.2812613964041772
0.3320490698952713
0.11848529136432268
-0.04642539490380102
0.10811310862295825
0.25247129686843073
-0.4515728602169377
-0.18085883025618893
-0.314913995004351
0.056474500419509265
0.13953259269825216
-0.22740444140370267
0.028562388619843646
-0.47368638155534665
0.13071331837177727
-0.1614706918630528
0.21358673149187915
0.19556488106785952
-0.18377256093103034
-0.42877271415175616
-0.21681892582687237
-0.355721785532309
-0.4894008051652785
0.3201650890036497
-0.35213623144212425
-0.23988724151768331
0.1667957163072665
-0.35788073603731035
-0.3456557116339728
-0.08612694592424114
0.07818026051815409
0.04275544022939594
0.26536861744232
-0.06547588870939458
-0.36621531210570824
0.013069481474501118
0.1820324437464261
-0.04741824167410439
0.24819462820781518
-0.3344672016122757
-0.10203825182269316
-0.13945175056660947
-0.38813445995266593
-0.12015019035897291
-0.15824616259473492
0.17484815852384578
0.24682537489088888
-0.40203543552531396
-0.07589254150012557
-0.2394762645038753
0.30118219391289885
-0.06887391048584729
-0.28522547153680156
0.29029466815727906
-0.034659676930974354
-0.07062771264240994
-0.3773609376490672
-0.11915737262870686
0.13454569174783984
-0.13148920982858106
-0.30064299508987985
0.32231802919481817
0.003000628026159455
0.19730970857799576
0.17347110089608353
-0.08151621107467075
-0.48387358456268764
-0.20722638930309809
0.030164592558840173
0.11899824078471508
-0.12034287787332794
0.054287662868872065
-0.020339002748693456
-0.46908649633279703
-0.3237993693448447
-0.4137414828316117
0.16943876801666555
-0.09131482331362334
-0.3879673289105152
0.19497858324536324
0.01813653551064498
0.2579484256727164
-0.10358426805222981
-0.41673682907771203
0.02406536470613753
-0.028192550909557804
-0.4586413397596029
-0.2915807572625941
-0.15269029926176633
0.011337162437905328
-0.13878612506158947
-0.3548915117291588
-0.13102439316750633
-0.1375548283908478
-0.12720967506033648
0.4462336497585442
0.08623542459267493
-0.13747357179527092
0.22753054256657299
0.05642761388311406
-0.013336150193503898
-0.3824901146659361
-0.2398678008763248
0.27758365345239777
-0.18391433947658467
-0.46672782467821233
0.4814889834614296
0.2305068610787348
-0.049239398087340874
0.050208671941550376
-0.5162196875018599
0.09626823565043302
0.06721418165324318
0.22586006112874008
-0.23994785578841268
-0.09731456253158993
-0.30273584849398955
0.03532186074631621
0.05279026320075577
-0.15902699181538046
-0.06378320980891831
-0.059699903590254455
0.18871851061426215
-0.40536858137419535
-0.10450740553720153
0.015048750797069481
0.12049236063873024
