-0.34383484074458925
-0.018271385478771576
0.003216769383940736
0.32849190740793904
-0.034180405190335376
0.08645303619573902
-0.06636119103606723
0.00039013492072697685
-0.09531469754254991
0.32016380056078986
0.03787821949808406
0.24389868698247694
0.24615643976655566
0.04580224602981713
0.23058300358281003
0.3171179898154846
0.051267558958355317
0.016781650855769596
-0.3794146561064049
0.03949219541318693
0.24417818944824662
0.2622814854613345
0.02694568406588407
-0.2743019831160457
0.01341066579965831
0.3606614595377287
-0.16766069447361578
-0.2428780029673115
0.03599745315239299
0.25441403483979946
-0.05189225224432537
0.04487624241849482
-0.06821341665325946
-0.4323572530783661
0.21617672804914312
0.15010982051257607
-0.04464549454902855
-0.42463506964863024
0.19511328342088813
-0.11425116626075814
0.13447074801565467
-0.10796209062730072
0.4414418877931852
-0.009141796200616002
0.3418410861768364
0.16059088526124352
0.08934463619324726
0.3743609168641393
-0.06487109841965759
0.0006477401243242658
0.05011894068135987
-0.20108738428698159
-0.08410896886609324
-0.035039567130493374
0.3152353473723576
-0.03744801264252992
0.04086570055921985
0.34533499486237945
-0.05454423763651307
-0.0420303352059129
0.07944849712023291
0.052352631256871875
0.4445778659588253
0.24606359346944162
0.025110195085638134
0.22362176570315465
0.2605025037571026
-0.002136850055152366
-0.03732209805674633
-0.0028406398786536523
0.38667545435194234
0.3278198387650422
-0.3330013706070938
-0.05289929507085877
0.008859321325455574
0.22386119246546857
-0.0868522468504578
0.06570717629066854
-0.03025929119441382
0.38626216192462576
0.2235676794104853
-0.38780604629560284
-0.05108413476702238
0.26393235298402246
0.25631591125626796
-0.32001225498999114
-0.05559733579987146
0.057398092508487146
0.4113501209804758
-0.06503107710961806
-0.3642855226003111
-0.13621454534002655
0.36346613101123865
-0.10457562691190236
0.1793987959240189
-0.07015379784508981
-0.004749438020851381
-0.14955963948995896
0.38298427847623595
0.2337041191590792
0.07980807207189261
-0.010994572663258408
-0.06816646414279823
0.0184200170509534
-0.006309264622189022
0.5696500484828709
0.36629446218731426
-0.07900794801350484
-0.12775719273621636
-0.15404257583604553
-0.009657868113658784
-0.03772553314453856
-0.08815977315111384
-0.3736678340681506
-0.044075154426852906
0.11654488964396498
0.3274098649449721
0.05233366901483211
-0.01241673705655026
-0.05933708778136253
-0.3499198306184567
0.15138122726876632
-0.3017570227213347
-0.06307553102512023
-0.3488570109858315
0.10009217252936158
-0.027938628750758053
-0.031556629423567295
-0.3031673710354042
-0.4037463204715857
0.27394377348513843
-0.037662194415041046
-0.15917683724347817
-0.03245141799581469
-0.36533195831833926
0.41761503388727633
0.2833212605142761
0.0028096871430313614
0.04405352684348391
0.02062035838119101
-0.029734865252787776
-0.1496464631230422
-0.3692534416293968
-0.15786336037124604
0.4145337362483664
-0.3306509598478128
0.26745587598479453
-0.03458044733636274
0.3743333638530753
0.22740754646115083
-0.34036701880781567
-0.4170201135211063
-0.01873490635637139
0.05592780405117067
0.2904763041225553
0.3890786833455834
-0.04644374516020233
0.06660672070050781
-0.012082520473740664
-0.06699080351097278
-0.0005551216056357518
-0.0017784570479620458
0.03340897311856451
0.30508282286864175
0.39460428980686424
-0.005983791143056076
-0.10159776335347374
0.32944355300803785
0.31103142723778404
-0.027681070590463402
-0.023325465429210143
0.0626958169123252
-0.08450998325861804
-0.2720882508950307
-0.3645775425253255
-0.0009896550090702143
-0.2309735224369934
-0.2864364216045159
0.17258588381350606
-0.11047018231506814
-0.026399384652828862
0.35138213165219856
-0.126044260418933
0.24155729223005767
0.17905173120392337
0.14473371972826873
0.32142041006133143
0.23046761050927275
0.28731628467658615
-0.28717790071026605
0.3406078930213717
0.013152347331178474
0.29065730374647325
0.11165215782088024
-0.1463239094786779
0.23240439255057935
0.35975693840276074
0.42831152536549744
0.21820233099844635
-0.15537316938184578
0.24422813084331552
0.060173532801662495
0.0364554381099228
-0.3420486366777317
-0.010230716450450811
-0.0806361231063023
-0.03545894089812961
0.07432240470882605
0.05502070578161879
-0.15554703480642448
0.026822501180088328
-0.12156095981191914
-0.27701618970945907
-0.09325418215593825
-0.19451752787459411
-0.37086951880135577
0.05713919426897203
0.016099365836870487
0.25791754293820146
-0.08933357603711978
-0.2751100208533992
-0.4105636242413047
0.013259261926045927
0.4463704372438214
0.10699255106322114
-0.3599769142532895
0.13221519924378192
0.3285863618863955
0.04531945859468567
-0.2910664729984814
0.043999118851768396
0.044973715173395976
0.05681765165324089
0.1520680093542937
-0.3074941350402296
-0.08666884337421589
0.07432278553159441
0.30650873945760154
-0.029162922978619627
-0.09423780084426943
-0.012650653965644588
-0.0693391584297287
-0.38423694349887344
0.03027039819528
-0.4540983992072179
-0.21685330910396275
-0.05048593781474017
-0.30503391620778464
0.1326643563008341
0.043215957371767914
0.117121849108422
0.3924893735082726
-0.048842539371422286
-0.04103988190700961
-0.37371457863043045
0.07132520208670089
-0.05325385705503854
-0.4862674198587693
-8.483904950518209e-05
-0.059813692265978366
-0.17342702612817984
0.06736054836085374
-0.30133092928734984
-0.3022846646301681
0.057464107660770807
-0.18258719849448293
-0.30599156568466823
0.04241120831286228
-0.03428766639135194
-0.09577929571691397
-0.35091725609404306
-0.40829949730933385
0.24341461197710232
0.03018124378575926
0.019642100553875663
-0.13245092721135582
0.037884079952845956
-0.09867164674478611
-0.040460998261085825
-0.2528105289323903
-0.2442399980220236
0.29267132301447096
0.1368856259233244
-0.2548931911207586
-0.3745419816362751
0.30286983878369445
-0.02091567300125858
0.13667721580067432
-0.23662894536270512
-0.0279643601700534
0.23762427535399858
-0.03915838377913115
-0.46436947870498246
0.2288246850209666
-0.3498060912575998
0.044640549233206636
0.019955805445585298
-0.10973113337427512
-0.356756002558929
-0.16402414080687047
0.01918178772910824
0.09237690031397292
0.1077815189832032
-0.10919200086391137
0.06827997256578507
-0.3411155033840061
-0.3254198938887278
-0.030922922124443787
0.033526563156172695
0.17395161922296504
0.02955596298404169
-0.005164849714153864
0.08965522485258434
0.21582094228979182
0.15765330952199014
0.04887811906388811
-0.466536119995322
0.0432659041857052
0.08677055288213893
-0.11102593461901542
0.23676162586034954
-0.1319415172951088
0.4035952294335333
0.23347262412968278
0.3598840161845446
0.07978954283504963
-0.03524954622535017
0.007432883780896451
0.22398755811605184
0.3557461276279873
-0.3237529573707867
0.007256052231626335
0.08868602292175816
0.021320800729531564
0.3122045452068811
-0.31923437657102505
-0.2759187830281538
0.09782873405951066
0.07215240542123302
0.055272643337723464
0.00015748379313555057
-0.02385949204886037
0.3521933974748415
0.2228305646237812
-0.3597458928456823
0.47131668184038816
-0.32412036319883614
-0.07015798468675684
-0.31523081735125397
-0.2658477238205774
0.3476416156937818
0.3681905570806433
0.02124393626287046
-0.11828044618553042
-0.41325563880580546
-0.29009541212165896
0.009153754025922533
0.10903190155034263
0.12698720228772042
0.15633996509294207
0.022035192959683394
0.08249849968450643
0.038463003290439265
-0.3693756981765775
-0.33759047060783903
0.007200041029106129
-0.03579648497760749
-0.19415124242773635
-0.3817100172081094
0.13725624248550614
0.015215566262889352
0.029608113304238147
-0.015808043231649457
0.4259240968424223
0.25556618932731473
-0.08839416726583861
0.1668254700836978
0.26468925566741563
-0.35217166176955156
0.04865507908929482
0.021956434419709847
-0.2197391149137134
0.05154964232262445
-0.31145862368027183
-0.30328505226384783
-0.0072316979357645245
-0.2623745904301861
-0.15266878052082364
-0.4405162711581283
0.33870398671632873
-0.33025736520776205
-0.0119163254949084
-0.2784118999633453
-0.014194737594380119
0.21048403702849455
-0.28827677441053484
-0.38783813158075375
-0.24434202280896658
-0.21359254289965832
0.026086579949472423
